$ANSIBLE_VAULT;1.1;AES256
34353830326231343233393964386532386430343639623665323063313133653138373132613639
3436343061666662653233646632623136363936316232660a663038623564656633656539653934
38356330383132396430333261616363363362386233353564633661623937343839626663393365
3135373834663538660a626564393136646233623731396265376338626164623061636136346638
38643634363066373537333065373431666531373133653132663365323666313163393534323761
36333361393435323331633835636165363664353162623532323736633133323362373061323463
32356334333666383431623863666632383339383039613963343062626637383561323265623030
66343662333134326230363035626563383364333062656334646165383034663135356631396337
64316161666361356464356339666266376138346638343138306339636461336633626338313232
61383233343266336534316366613135363038353564356663613132326532393536626136343562
36396433646139343630346334303766323533633339656663333963373338346162626666393933
35306331653330316238623562353036633931376564663337383838616636653036313137356137
37393762326237383962386635343235636265326334383838653465363732316139636536306439
64353533396163343163633462303232633539653131313435326366663637366231386339396635
36383531303830613464623634623731333030353634313638353931623837306562393438626132
34663234336133373833373762623463386161653562613731653662656665333364623265613533
65636137643864643732643830343365383632643334313134356261303163646665383363383165
39303061373964656264303238396564323964376436366566626634656330346362373365643866
37613931303332383534366239613362343435653361363266336531623664396537353962633035
32393265383763666230383737343036346539653033353963366636313538653334316437643462
64616231653365633432303037633765333534663362353635383831353137343732643034663830
65306431333037303933653137323763646163323333316233316339303230343832653537323732
63626266366537653634313464656365303766396466653737373936386665306532656631623135
38353661313161623636633134343539393438646562313733336137313934326337666632343935
37663738383364306535666363303036623464323266353333393539376238346461616264383762
37376330623230666666626530306538646336363531613232663337383338313630336664353564
35636338356235393766653239303537386130336161373366646536323633613738373333393838
35623531633964646535646664396130386161313130653339656633343535316430303431646536
38356262356632663961336634653736636266383334613230356635626131393665356435313039
63663836643035626630636366323134623036313036303532663163316334323631353232336233
36313633316261373836656362656635633235643434303363346636633633356664336632383735
36623133303533653764316463623665636330343936656164373930323835346333636634643439
39663336323232366436643562363362626137356434323532663163336633633766666665626465
34636239366235633734393438346630656363636265663530663535313132333630613663663032
65376165316665366432666530376666666339363162626166613062333466376466356662633263
30633361396333653066303666346636343236356233396337353432656365383461656435653331
63363937613135333961616331363038663236656332663933336464626533313635663165353435
34356635663132613062613863626438363334666235303962386166393562373063353539376164
63623265306665633362303838653734313938356465653837656666626637373133383361316437
37646662653636316632336561646432666630643631633638303831363633343430343830613935
30396333396565343536623434353137376566653963633766376632613830333834326261366139
30653265643031336335393263326333306338333134396161653136353765343234656365663964
64326335356162313466356136373336313266366366653538666233393332646264323461653432
31636562366137643962333935613339616635653536643865316462303336656637663639653863
66353031393863653863373837666230393538633131333639636162336237333836646166393763
34613137636664313163316235323566613332323665323164303734363762316530366437333238
31393734303835323262646337326236666265326265363135363961653231636539643832323530
31636133626134363961376332656430323661313339393862633136333462396563613763353235
65373136343638313336613964626161616230633232633137663436646533333038373136643861
32336134383834326636326637343631306264363030326431376230623838323366666132393165
64383938306635386437643839613164663762373939303235346163373035633265626536313766
64393631623061623836316162643235623337343538663134383336653438393239306535346665
61303566643534306233303864623831393366306338333336636665396430373938316334386239
39333139613562643532323935323334373961373333333364306565396431303135326232336565
30393162653963386135323865336139373830656265666432336232326163356133323730623365
33643438636634393131646135653136393666366336323862623966643937616533386663626232
66386334333565633639656230626637623736313736376161313362313062633039363662303266
39633365353165393939356664336265656134363630313438646633633832626436636639323538
62393062333361363933373562623639323933663866366431353065343734383636393630663962
30643766303933386631353465333962646665303936643830316234313733643766393635666530
38303565346331643333666332383866343031343463363137386135316161623162656465633565
38376435386366643136356163656165346439613537373665356438656634303234633465306363
65313162643664303831363061393335383565633332373632646437356131393033396234373262
61616532303030333439373235633039666134323666313131666461313138613634393938366162
64366163333135373166663831663462336130386336326637643065633331653761323035663362
65666335303263363438383463386533636261653635303563303837343365333366643038626432
62383065653730666166373265323966376165613430623762613730323566343938323636343434
39373562626365626461356564376331653239323365633736633935393162313139366162333536
33396633366332363436663735303736663433353566376565356165346138643866326639336664
39313035393039393230376363316535643965333335646230653636366665393163303133343563
30303034636461383337633539343964346335383939633333326262663166323232636663623561
39363432313163356466626264323937336130326532396662323233303161376462623666626436
35373665313764396336626537303261363165626131323363373530306361663933323362663039
61313965346133373439646535373637323962376661646334333161396434623662303338666537
39653633343637613761376562636635666634623263326563646130366639633035363530633565
32373263393663336263316334393963373161386638653762343166346263363961666630333536
34373437343430366435333864396464383366393236663930643661646366356639313237396132
61663265366436346666396461613965386666366266663465303035313961656265346635643861
63643234646135633934326131653964303433336439653931373039343963623765336330323031
32396530663063383961356337396632366137316461656165336332633165383565353031386265
37613039633362333661363938633437356535356430376261643939616461343465363863363262
62353737623334333264393431663231353766633136613430666638366635313033663333316432
38313738626136316561646239626661623034663366613634373036326136616364316134313665
39386266313931623639646433613439366232613937656363663361663635646331633037343338
62323964656264316138383433333433333238393861323164313630313430343965393039616563
36376534376136386233386262313839363439346533356537313830633066303162636161623266
30613863333430323662366461303333393835396465383732623861356462623961343662363365
37303930376531323862
