$ANSIBLE_VAULT;1.1;AES256
63373436313761636233366464373461393135313562366231643763633735383466396163633661
6464376332316463623232643066666437343739626333320a643065623766646134623834636165
62386438306463346334356437356665343631323261643365396139623339363533363934623337
3835663566653064630a303237383064353634643231613030623932636436646537393161346130
39636635343361613931613665666363623434633531613636366231656535343062396134623966
34353832373130653764353562616533653934663434383538376332623235393333346639326238
37396236646265633663323336366632346231316362666430663831643065646637616262356564
35323639323562653738306266626632326638363435313063636464353737366265663566613865
32656331346663653066333863616536343966626539623933343434663236613730666431356439
64343263633035636665626335386161386233653834613365613534323731346631393732666463
64326334376461396231393034343835353530376561396232653330376533343166663464326163
34613439346663373937373635373535623635353830353366636438653836363336333161353730
38373336353062346632343339353633343766326336636266303564366632646637326331626636
65653963336666386139353038346336396536366262303231393666663435666162613266633964
65306338353734646337626166626537663463643831663563343662646536393234623532653939
62633335653030643466636136316566373439333863646631383362313432623838643130336639
35333931383838383464386464393234643765343638396339306461343664343363623561333238
33356263346133616432336335333866666566653231323037643530663037336465373564376163
33663337663230386231646562353464396664323833386536343664616663363565326266323530
35313730363432646562396533343162306232333766613939646437666265303137396133356338
35313763613236346536353134316332656232393738643633353630306363646335643832366130
63313861636561333331353264376533363633313261636665333464633761613462356330633066
32643031666638386265643537333964653330636264656163393231653331626239316164616630
37646234616530613030376535373836393032393365633162336632336464326339636236353361
32613834643136643437333633333135386333623638656236626633316236396632313535333637
62316564613261313636323934336163313232383034623036336432323030636362363531383532
39386162656231373766626562346361646336393739323234336331383061356365393433633936
36373434383164633839646436326637313632623365643163343663656661383837336332646164
65626631346165353732646635636236376432366336313230613162626266383333303933303633
65343565323662343737666437316135336164343962623763336131636137313730306562363931
34383035623165333666346464633635636163336237616535306466383635613663383566386661
34363830633431366362623731326438666661613035343264326666333635623439623064383836
30613762623538633536353333663162626365383834616661383364636132626536643337396361
61343265643036373930363564333462353838613031626237323039376131356537643861353432
65343535333032373535356539646136396630323861343261316166383662666532643736363862
36616465346437363161313937666531323562366330376432626138636464623739313831333438
65643031303532313933343766393463323230633632383035316264303861356162363163643966
63633438666339633737396235633835333165653337353638663835343237343832663665633762
39663164653137373962663432653863373237633132316330656137656632626636646565343366
66333730386464376235646266396663376130376536353466393933343031373638663365666435
62613464373934636338306161626366376662383139306561343137366234646530393536383430
62363034653130633130303063353864346137613662306263613164393763366463643762333766
32363735383038323362396131663438663366343135396662613863346637363335656361626239
39316135376238343539626330333963313134353433646437623662376661376533616335333535
64316261643662396363363835316161303835333861383030646230333366373263306165643964
33303333376163613563623461653133623863396430613764633639396430633539356236666132
33663536343430653833323062353762333063303337626363353437633137303639356438303563
37666239393966393564323461623165303766323536373639636339383965613235626232336664
64316231393435666261376262623832663562623962623063643234343234333237626230313032
33373036346535313738333534383265663435646135336430373439636261373364663639303739
65333330386465346564343636386538323734303336333264623338366633623838616633336332
39666434663535623335336237643761313339643039353437386533343863626166663331666131
31386662393539666336643762373464656264396336613331376363616664656536363061343962
37383763616532386631393262623961636538616432303430386165643632316362636236343164
35306336666437626330373531613634336564306161316266656664333532336363616163666234
61396530376530363937623839346438383166623430326136623339396563316637303733303362
65623966623439336636383532613930656435623164656331643164316137326164366333323238
34663535623838636230303532646432336238656662363538386662313835623064396263366366
34623265616463393031376331346433373763323936323766346130626463386133303533646566
62383636313663393632616337666638646435303433616330353437633130313433643363353634
65653665356566656433663732663739656237343535653235303664313539356332626437653363
35373235663638373762346335666365386262333264613533656462643166333237613230623439
33346135323863653962623864363531313063383833643366626231323133373961333338643165
33623937666563616264663661666134626663396365353065656162613836643732333234613364
34323031333135653263653833356134616637326334313533623061643837383230396236313062
34386334633730646162393835363961663533613863363464646136333438643833616636366365
66656234376630336365623030303762666135363266393963623865643262306661663762326639
33303730306131636634313632343566653164373230326337326130313736313237636430643864
30656534663863333635353838363834373865613137643038303734396362386663613232376563
36363236363964373037393963363165366339396233343338653635356434393431666430663335
33663434313436306563353862613335386165316162393638373066366630373266613035333330
39663135663865623463323539643235316332353635646438613935626538643966313639666563
36383365393035386136393538626231666264333434373566653561323933656166343036326439
31393735333738343232303236646566393032383739316262666338636361643036366634336264
38623863653533313463343063666662343362643565316533376437636566616163386161643966
38363834323931623430643837383034623066363535326436313235306465366634323265393031
30323264306638353566633539313561333531316435353939356666623731623866633234373536
35643131303438366633393330343139613733376638356639323030396664366531653333343336
64353762313161396136396330663766376666663832623437653735386430626166626430353333
31383761313732396338356665613961333337636666356634646162306466333131313562393538
62636161336438373739386132363832636331353131633366666365333238636162646334656562
63646130353736663334326238303936643939326461623632633239343233636363326635343164
37353263633362646134353664303964343338643832363130363438623633656636366330643535
34623231316135653430346162376463663761393863363035326636613166306438656536666564
33653865376233333738646463653539366662393935353366323161643936343132346164353862
30333830303163373464646435633361313965373561643239333732343838366539373139626634
61363966323036616534636363656530643334383232303636643863303862613930343332373364
62343165376536316435
